bezierinv
260 361 463 81 978 160 1022 581
bezierinv
1022 581 1290 738 1182 1031 946 840
bezierinv
946 840 940 866 818 960 810 952
bezierinv
810 952 1090 1244 522 1248 541 1003
bezierinv
541 1003 493 1213 6 1110 312 884
bezierinv
312 884 312 884 198 792 180 615
bezierinv
180 615 -37 419 104 214 260 361
bezierinv
490 360 524 325 537 368 522 376
bezierinv
490 360 473 385 500 406 522 376
circle
640 913 0 22
bezierinv
466 460 529 396 650 460 638 496
bezierinv
466 460 448 556 650 598 638 496
lineinv
102 423 0 119 437 0
lineinv
119 437 0 142 432 0
lineinv
142 432 0 162 302 0
lineinv
162 302 0 215 325 0
lineinv
215 325 0 227 257 0
lineinv
227 257 0 283 208 0
lineinv
283 208 0 211 171 0
lineinv
211 171 0 176 108 0
lineinv
176 108 0 120 155 0
lineinv
120 155 0 42 165 0
lineinv
42 165 0 77 230 0
lineinv
77 230 0 66 301 0
lineinv
66 301 0 123 297 0
lineinv
123 297 0 102 423 0
display
